transit_time : 2459500.53574
period : 3.3366510632883
transit_duration : 1.858003384206
